0.04656 0.90784 0.0456 
0.05632 0.88368 0.06 
0.11232 0.8728 0.01488 
0.06288 0.90144 0.03568 
0.06192 0.89264 0.04544 
0.06624 0.88688 0.04688 
0.01968 0.437762 0.542558 
0.042883 0.900157 0.05696 
0.0502435 0.901596 0.04816 
0.0664 0.89088 0.04272 
0.0408 0.90096 0.05824 
0.06176 0.83808 0.10016 
0.0608 0.89552 0.04368 
0.08768 0.88688 0.02544 
0.05184 0.852633 0.0955265 
0.04672 0.89648 0.0568 
0.04688 0.90304 0.05008 
0.05472 0.9 0.04528 
0.12384 0.86144 0.01472 
0.04464 0.8808 0.07456 
0.08688 0.83376 0.07936 
0.0464 0.8696 0.084 
0.05824 0.90432 0.03744 
0.04144 0.90048 0.05808 
0.0592115 0.907028 0.03376 
0.044 0.9088 0.0472 
0.03232 0.80304 0.16464 
0.0464 0.9008 0.0528 
0 0 1 
0.06144 0.904 0.03456 
0.09136 0.85792 0.05072 
0.0432 0.905265 0.051535 
0.05696 0.89712 0.04592 
0.04032 0.90128 0.0584 
0.04064 0.906863 0.0524965 
0.0368 0.91088 0.05232 
0.02736 0.90624 0.0664 
0.04496 0.9096 0.04544 
0.03888 0.91152 0.0496 
0.04912 0.90352 0.04736 
0.06576 0.892 0.04224 
0.04016 0.90352 0.05632 
0.05424 0.90352 0.04224 
0.03248 0.85968 0.10784 
0.04608 0.89888 0.05504 
0.0336 0.90672 0.05968 
0.04656 0.904 0.04944 
0.05104 0.9096 0.03936 
0.04544 0.86544 0.08912 
0.04464 0.89824 0.05712 
0.04016 0.90592 0.05392 
0.0272 0.87328 0.09952 
0.0488 0.89488 0.05632 
0.05536 0.9048 0.03984 
0.04464 0.87568 0.07968 
0.06112 0.87376 0.06512 
0.04464 0.89216 0.0632 
0.0424 0.91392 0.04368 
0.0417315 0.913468 0.0448 
0.05216 0.90624 0.0416 
0.0496 0.90992 0.04048 
0.10992 0.8456 0.04448 
0.05056 0.90448 0.04496 
0.03184 0.89344 0.07472 
0.04624 0.90272 0.05104 
0.04304 0.8888 0.06816 
0.03872 0.90208 0.0592 
0.04352 0.921407 0.035073 
0.0469135 0.900926 0.05216 
0.04928 0.89536 0.05536 
0.07264 0.89088 0.03648 
0.06176 0.90176 0.03648 
0.04192 0.90224 0.05584 
0.0496 0.90096 0.04944 
0.03232 0.89152 0.07616 
0.04736 0.89264 0.06 
0.04992 0.89696 0.05312 
0.03856 0.88336 0.07808 
0.04544 0.90016 0.0544 
0.11744 0.79712 0.08544 
0.0328 0.89456 0.07264 
0.08352 0.90208 0.0144 
0.04464 0.89856 0.0568 
0.051639 0.884521 0.06384 
0.0664 0.89424 0.03936 
0.041078 0.909642 0.04928 
0.04688 0.87408 0.07904 
0.03536 0.87664 0.088 
0.105964 0.815156 0.07888 
0.07888 0.884 0.03712 
0.044 0.90208 0.05392 
0.04016 0.88608 0.07376 
0.05024 0.911885 0.0378745 
0.05472 0.90368 0.0416 
0.03936 0.91472 0.04592 
0.06432 0.90464 0.03104 
0.04032 0.9072 0.05248 
0.09152 0.85536 0.05312 
0.07792 0.8608 0.06128 
0.06944 0.8856 0.04496 
0.06368 0.90864 0.02768 
0.05392 0.90048 0.0456 
0.04464 0.9208 0.03456 
0.01872 0.9024 0.07888 
0.08928 0.86416 0.04656 
0.07824 0.8704 0.05136 
0.0504 0.913867 0.0357325 
0.050667 0.905653 0.04368 
0.03632 0.9048 0.05888 
0.13088 0.8304 0.03872 
0.05344 0.90336 0.0432 
0.04336 0.90624 0.0504 
0.0392 0.88432 0.07648 
1 0 0 
0.04208 0.89984 0.05808 
0.05008 0.90384 0.04608 
0.14752 0.81296 0.03952 
0.06464 0.89872 0.03664 
0.03408 0.903739 0.0621815 
0.078299 0.885701 0.036 
0.07792 0.89136 0.03072 
0.10032 0.88202 0.01766 
0.0616 0.888 0.0504 
0.060381 0.896419 0.0432 
0.05088 0.9088 0.04032 
0.04176 0.91024 0.048 
0.04992 0.90256 0.04752 
0.03936 0.88016 0.08048 
0.04096 0.90512 0.05392 
0.052 0.8904 0.0576 
0.0404155 0.90848 0.0511045 
0.03936 0.90864 0.052 
0.06544 0.90512 0.02944 
0.05888 0.91424 0.02688 
0.056 0.9048 0.0392 
0.04384 0.90528 0.05088 
0.04048 0.9024 0.05712 
0.00272 0.9944 0.00288 
0.04544 0.904411 0.0501485 
0.05392 0.89968 0.0464 
0.05664 0.90016 0.0432 
0.04288 0.90064 0.05648 
0.04736 0.91072 0.04192 
0.0568 0.84896 0.09424 
0.05024 0.90432 0.04544 
0.05472 0.91472 0.03056 
0.06128 0.85536 0.08336 
0.06416 0.908 0.02784 
0.0650335 0.891606 0.04336 
0.03888 0.90848 0.05264 
0.04912 0.89392 0.05696 
0.0872 0.87904 0.03376 
0.10928 0.87424 0.01648 
0.053196 0.914484 0.03232 
0.06848 0.89664 0.03488 
0.03744 0.72416 0.2384 
0.05952 0.88048 0.06 
0.04368 0.906638 0.049682 
0.05408 0.90512 0.0408 
0.046481 0.908719 0.0448 
0.04464 0.91232 0.04304 
0.03152 0.89024 0.07824 
0 0 1 
0.06448 0.823761 0.111759 
0.024 0.79616 0.17984 
0.04176 0.90368 0.05456 
0.03184 0.913522 0.0546375 
0.05008 0.9072 0.04272 
0.056 0.8944 0.0496 
0.0368 0.91184 0.05136 
0.07712 0.91168 0.0112 
0.04864 0.89792 0.05344 
0.05104 0.91168 0.03728 
0.04944 0.9088 0.04176 
0.04672 0.89728 0.056 
0.05952 0.89776 0.04272 
0.04496 0.86752 0.08752 
0.04416 0.90048 0.05536 
0.0448 0.9112 0.044 
0.0456 0.89888 0.05552 
0.04368 0.89488 0.06144 
0.10976 0.84304 0.0472 
0.0463095 0.89801 0.05568 
0.04864 0.89616 0.0552 
0.06304 0.88816 0.0488 
0.0488 0.90976 0.04144 
0.0447325 0.901027 0.05424 
0.028547 0.902653 0.0688 
0.92784 0.07152 0.00064 
0.05312 0.91472 0.03216 
0.03568 0.90704 0.05728 
0.03984 0.90576 0.0544 
0.06976 0.892 0.03824 
0.04512 0.90128 0.0536 
0.0508165 0.907583 0.0416 
0.04272 0.869983 0.087297 
0.0512 0.90704 0.04176 
0.05296 0.866622 0.080418 
0.03872 0.90816 0.05312 
0.05936 0.89696 0.04368 
0.03968 0.91632 0.044 
0.06784 0.86032 0.07184 
0.0528 0.90864 0.03856 
0.05072 0.85872 0.09056 
0.088 0.76336 0.14864 
0.04224 0.8952 0.06256 
0.02752 0.86816 0.10432 
0.1 0.88464 0.01536 
0.05312 0.90576 0.04112 
0.052264 0.895896 0.05184 
0.06448 0.90304 0.03248 
0.05728 0.90336 0.03936 
0.04624 0.91568 0.03808 
0.075254 0.903306 0.02144 
0.03984 0.90528 0.05488 
0.0336 0.913013 0.053387 
0.0688525 0.889707 0.04144 
0.050988 0.893652 0.05536 
0.036 0.87888 0.08512 
0.04624 0.9024 0.05136 
0.0682105 0.886029 0.04576 
0.04448 0.89392 0.0616 
0.05216 0.90336 0.04448 
0.04464 0.89936 0.056 
0.04224 0.90144 0.05632 
0.03824 0.90432 0.05744 
0.05056 0.91056 0.03888 
0.0552 0.90144 0.04336 
0.0392465 0.905073 0.05568 
0.06384 0.90272 0.03344 
0.02928 0.87488 0.09584 
0.05552 0.90208 0.0424 
0.08464 0.87472 0.04064 
0.04928 0.89872 0.052 
0.04032 0.91024 0.04944 
0.058923 0.901877 0.0392 
0.05104 0.8664 0.08256 
0.09056 0.83968 0.06976 
0.07408 0.877879 0.0480415 
0.04128 0.90256 0.05616 
0.05024 0.8944 0.05536 
0.09744 0.85484 0.04772 
0.05328 0.904 0.04272 
0.04448 0.871239 0.084281 
0.0763585 0.876921 0.04672 
0.04064 0.8616 0.09776 
0.048 0.90144 0.05056 
0.0272 0.90576 0.06704 
0.0609235 0.895556 0.04352 
0.07488 0.88272 0.0424 
0.05072 0.90304 0.04624 
0.05328 0.91152 0.0352 
0.05152 0.89328 0.0552 
0.10272 0.849154 0.048126 
0.02224 0.93328 0.04448 
0.06256 0.90272 0.03472 
0.04448 0.89008 0.06544 
0.03424 0.92368 0.04208 
0.05504 0.90608 0.03888 
0.054369 0.878751 0.06688 
0.04368 0.90464 0.05168 
0.04125 0.90451 0.05424 
0.04128 0.90848 0.05024 
0.04528 0.9072 0.04752 
0.05584 0.90288 0.04128 
0.04352 0.90992 0.04656 
0.02768 0.89312 0.0792 
0.0408 0.91712 0.04208 
0.0537335 0.904986 0.04128 
0.06112 0.89808 0.0408 
0.0328 0.908 0.0592 
0.07088 0.893945 0.035175 
0.06016 0.89712 0.04272 
0.0616 0.896 0.0424 
0.0435435 0.911816 0.04464 
0.04064 0.90288 0.05648 
0.04064 0.911542 0.0478175 
0.03888 0.89296 0.06816 
0.0896 0.86512 0.04528 
0.05488 0.8968 0.04832 
0.04384 0.89584 0.06032 
0.03888 0.90752 0.0536 
0.05056 0.89664 0.0528 
0.07232 0.90448 0.0232 
0.04272 0.90704 0.05024 
0.05696 0.9 0.04304 
0.02416 0.91136 0.06448 
0.05584 0.87152 0.07264 
0.148976 0.807663 0.04336 
0.048 0.89008 0.06192 
0.03904 0.87856 0.0824 
0.05824 0.896145 0.045615 
0.0416 0.91088 0.04752 
0.15456 0.74496 0.10048 
0.04688 0.8696 0.08352 
0.052 0.90528 0.04272 
0.0750275 0.898412 0.02656 
0.069428 0.88912 0.041452 
0.05744 0.87792 0.06464 
0.06176 0.8928 0.04544 
0.03792 0.90096 0.06112 
0.04528 0.916 0.03872 
0.07776 0.8792 0.04304 
0.038551 0.92336 0.038089 
0.05776 0.9144 0.02784 
0.07648 0.8736 0.04992 
0.05024 0.91376 0.036 
0.04112 0.91136 0.04752 
0.03584 0.90048 0.06368 
0.06064 0.89424 0.04512 
0.04272 0.90656 0.05072 
0.043205 0.893915 0.06288 
0.03664 0.91056 0.0528 
0.05248 0.90288 0.04464 
0.0432 0.90096 0.05584 
0.048 0.90128 0.05072 
0.03584 0.91168 0.05248 
0.05312 0.899682 0.047198 
0.05456 0.9056 0.03984 
0.05088 0.89968 0.04944 
